2
1
6
4
11
51
1
3
1
13
4
3
6
12
3
1
2
69
5
6
11
13
45
1
14
90
12
4
63
44
1
46
1
2
1
13
1
35
1
3
2
1
1
1
94
1
20
4
1
1
64
4
14
3
1
1
1
1
1
28
59
1
15
28
8
1
1
10
39
29
1
1
3
1
1
1
2
1
4
31
4
2
95
6
28
24
3
3
1
35
1
12
1
11
7
3
1
2
2
3
1
1
1
3
10
3
42
1
2
1
25
1
1
1
1
3
20
2
1
2
2
1
6
14
2
2
1
1
4
46
2
4
1
2
2
1
1
1
1
4
1
7
10
4
40
26
32
1
2
3
22
1
64
1
1
2
3
24
1
1
1
5
3
13
39
1
1
25
5
59
31
34
13
4
1
80
5
42
2
1
5
1
13
6
5
1
4
13
13
6
94
10
28
7
2
39
9
67
3
1
93
56
1
16
1
1
24
70
1
14
10
1
67
1
91
3
1
1
65
1
1
2
43
1
2
5
10
3
5
4
3
46
6
16
6
2
2
17
2
46
1
1
1
4
1
6
12
58
4
1
7
6
6
3
1
7
1
2
10
3
1
31
10
44
4
8
22
8
5
2
2
12
86
2
7
1
2
3
10
2
22
1
39
1
1
1
1
12
2
6
23
1
2
15
1
1
5
1
9
1
1
1
1
1
1
6
2
1
1
1
3
1
33
2
16
7
1
3
13
2
2
14
1
1
24
9
23
2
9
1
20
4
1
1
1
1
1
29
3
1
1
4
1
2
1
1
1
19
2
2
4
7
18
1
1
8
6
45
3
3
14
4
1
5
1
8
1
51
38
1
1
2
48
17
1
1
5
1
10
10
1
1
17
2
1
3
66
10
3
1
50
8
1
11
14
1
1
2
1
1
1
1
1
1
1
1
16
52
4
14
9
4
3
1
1
4
53
13
4
21
1
2
12
1
2
93
2
1
66
33
2
2
1
14
28
5
41
1
7
2
4
8
1
55
1
1
35
5
1
71
6
17
4
4
3
21
1
14
1
1
1
3
2
2
3
1
7
5
9
10
12
3
61
14
1
30
91
2
1
57
5
5
1
2
1
3
39
10
23
14
1
11
1
3
26
10
1
2
15
64
32
6
7
50
3
10
3
41
1
1
16
42
9
1
1
1
3
1
9
6
4
8
3
3
2
7
1
1
8
51
11
7
1
32
53
8
11
2
27
78
15
9
2
4
40
31
4
16
1
5
3
2
33
15
1
1
15
67
1
17
42
21
1
13
9
2
1
1
3
25
11
1
7
1
37
2
25
3
1
1
24
1
20
11
13
2
18
2
2
2
1
3
11
52
1
1
1
41
26
33
1
77
1
83
23
1
56
3
1
1
1
1
10
4
1
4
2
4
3
37
5
15
46
1
13
2
1
3
9
13
26
1
3
4
2
11
10
1
1
4
10
31
62
14
1
1
6
1
19
4
14
90
1
1
13
15
2
2
49
1
44
4
1
3
3
69
5
1
14
16
12
19
26
6
31
96
1
15
1
21
1
4
6
10
50
6
2
5
1
13
1
2
1
8
5
91
2
2
43
7
1
19
14
1
1
19
2
2
1
1
4
31
2
1
1
37
59
9
2
1
6
40
1
7
2
2
36
1
2
13
3
1
4
1
1
5
1
1
53
8
18
81
12
1
2
29
1
62
6
9
1
1
9
96
1
3
3
2
1
13
8
9
1
98
34
2
2
12
1
47
43
87
12
12
23
1
38
55
5
92
11
1
9
61
2
1
4
10
2
23
1
15
25
5
1
3
8
1
4
9
1
1
10
1
2
23
39
1
12
59
4
20
31
14
2
4
4
4
1
1
6
3
14
6
91
26
1
20
3
45
10
8
18
64
11
98
2
1
1
1
7
64
18
63
1
16
3
4
3
2
6
10
4
25
1
3
12
8
19
1
23
13
2
47
20
1
2
15
1
5
9
32
12
1
2
4
5
5
44
1
7
18
5
1
3
7
25
23
1
2
4
13
1
2
43
14
8
16
1
1
1
2
4
1
18
3
1
2
1
3
44
4
2
8
63
90
6
21
1
2
2
1
19
8
1
13
88
21
54
3
1
26
80
1
32
1
18
37
12
13
7
8
9
26
20
1
1
1
5
23
9
21
1
27
1
52
1
6
1
5
5
40
2
1
3
51
15
1
1
18
7
1
39
14
5
9
2
1
3
2
1
43
1
1
11
2
11
10
60
3
1
22
3
6
19
4
23
14
2
3
13
1
1
59
78
38
4
1
1
1
1
47
40
14
44
8
93
2
9
2
1
25
87
66
22
1
5
1
17
1
1
7
2
72
1
47
8
4
1
1
1
1
2
38
27
1
1
7
6
2
28
1
5
11
2
1
1
8
3
9
1
2
51
1
43
1
2
1
31
4
1
3
10
1
1
9
6
2
10
1
1
1
1
32
1
7
15
14
16
16
2
4
1
13
1
60
1
1
2
1
1
3
1
2
4
1
10
32
2
84
16
41
2
1
2
1
7
29
31
7
7
43
81
2
1
17
3
4
20
7
1
1
2
4
24
16
2
2

